animal No:0
2.513149
1.078152
2.751712
116.8066
116.6215
79.69858
2.414367
1.469748
15
50
71.46156
animal No:1
3.036734
1.106582
1.717906
93.44836
92.45296
79.83819
3.03637
1.232209
15
53.40385
72.2833
animal No:2
2
0.9115744
2.283577
116.2651
106.8425
68.2968
2.09389
1.24161
15
50.03004
73.72454
animal No:3
2.153845
0.8968773
2.759133
80.57219
111.5888
79.39864
2.983271
1.39137
15
53.21804
83.28391
animal No:4
3.102419
0.8396358
2.485182
87.8782
86.67447
83.1974
2.84049
1.477382
15
52.20656
84.11994
animal No:5
2.368136
1.074647
2.4376
110.0002
115.5931
75.64539
3.052181
1.522306
15
52.43358
85.38544
animal No:6
2.580801
0.8607323
2.008971
84.38311
93.121
64.31613
2.408391
1.424525
15
51.24928
89.40312
animal No:7
2.912604
0.9040378
2.311651
91.96295
107.5682
64.17653
2.071647
1.175805
15
50
90.18681
animal No:8
2.074754
0.7732176
1.549077
110.8366
112.0473
75.82939
2.325599
1.089251
15
51.63218
90.98979
animal No:9
3.154546
0.8415636
2.116078
95.45555
108.296
64.60751
2.776409
0.914016
15
50
129.249
animal No:10
3.906007
0.8741748
2.413776
96.12863
113.2317
60.50185
2.9529
1.014112
15
50
130.7525
animal No:11
4.114391
1.088268
1.410673
99.32698
92.60223
74.03901
3.258568
1.035793
15
50.54057
207.0678
animal No:12
3.394531
1.146701
2.371023
102.5095
108.1781
63.57143
2.473337
0.9364729
15
51.66956
207.8982
animal No:13
2.064146
1.154658
1.454485
86.34045
105.3707
72.88506
2.872965
0.9606392
15
50
208.5377
animal No:14
3.18842
1.173058
2.446041
104.2918
108.4606
79.07075
3.590843
1.714951
15
50
209.3799
animal No:15
3.98198
1.019132
2.752546
95.23218
116.2694
61.99013
2.53381
1.285851
15
52.0021
209.3799
animal No:16
4.005737
1.137974
1.775273
98.99112
104.0041
51.32711
3.899796
1.358538
15
50
220.7805
animal No:17
2.379492
1.129186
2.42792
88.37683
117.6695
55.56771
2.850144
0.64298
15
50.29828
222.4578
animal No:18
4.603071
0.7634325
1.562388
88.12707
111.8504
67.79909
2.380155
0.8935214
15
50
223.4825
animal No:19
4.030911
0.8867119
2.308251
96.55527
83.02409
67.61546
2.451388
1.231507
15
50
223.4825
animal No